1001611
1002311
1005811
1006111
1006211
1008011
1014011
1014111
1014511
1014611
1017011
1019911
1020311
1020411
1024811
1024812
1025811
1026811
1027011
1030811
1032811
2013411
2015411
2017411
2022111
2032511
2032512
2033611
2034711
2036111
2040611
2040612
2041411
2043311
2043411
2043811
2044311
2044711
2045911
2046011
2053423
2054211
2054511
553511
553721
558211
559111
563311
563312
563314
564111
565511
568311
569111
570711
573011
573721
574911
579121
579122
580711
586911
591812
592711
601511
603611
603612
607411
614311
618621
622411
623211
624311
624711
628011
630612
630613
630614
631011
632111
633711
634311
635711
635713
640111
640411
641511
641711
646511
648711
648712
649511
653411
653412
655211
656111
656112
657011
659011
661111
661211
664111
664411
665111
665311
667214
670211
670711
670712
672311
673111
676211
680211
680911
681312
682311
683311
685811
686311
688712
690413
693411
693412
693413
698211
699111
701711
702111
705311
705411
706311
707811
708811
709511
713311
716111
718811
719213
725811
727911
728311
729612
729911
730211
730312
730313
732211
732611
737411
738011
738411
739011
739113
744411
745411
748511
749711
751611
752011
755811
757211
757411
757412
759011
760111
764111
766411
766811
766911
766912
766913
768711
770011
770911
771411
773311
773312
777711
777911
778111
778611
778812
789211
789212
792212
792411
792811
792812
792813
793511
796511
796821
798911
798912
799012
799211
801012
801112
801311
801411
802911
804311
807012
812711
812712
813311
816511
817511
817512
817513
818511
819011
819012
823812
831211
838411
838911
839411
841211
841811
843612
843613
845511
845512
846111
846411
847811
848411
848711
848811
848812
849911
850611
853511
853811
853812
857011
857311
861011
862311
863212
864011
865011
865012
865013
867411
872911
873911
876911
880811
882511
886111
886112
887611
888211
888411
892211
894311
898811
898812
902511
905111
905312
908211
909711
910811
911611
911911
915411
916111
919511
920311
925311
927612
932311
934711
938511
941211
944411
945111
945112
945311
946311
949111
951211
955311
958711
959411
960811
960911
962811
968011
968211
969911
973311
973811
975511
979611
979811
984111
993911
995911
998011
999611
