100911
10116
101721
102811
103811
10413
10511
105211
107116
107811
108911
108913
109621
109622
109711
109913
111611
11211
113812
114511
116921
11711
117722
118213
119311
119411
119511
12031
12033
121313
121913
123411
12422
12423
12427
125211
125411
12626
128313
128513
129631
129811
129911
13024
13025
13031
131312
131421
131422
134221
135221
135811
13618
136211
136321
136711
136712
137011
139911
141911
14321
144621
14511
145911
145912
14618
149611
15123
152123
152611
153011
155812
156911
158211
158513
160021
160914
161011
162611
163114
163611
165311
166611
16711
170711
172721
17415
175013
175014
175015
175016
175017
175411
176711
176712
176911
178111
182011
18314
186021
186911
186912
186914
18711
187212
18811
188311
188411
188412
189114
190012
19016
190911
195611
197113
19713
198511
20030
200411
2011011
202313
202411
2029
202911
203911
204611
205111
20715
20716
207211
20811
208311
209112
211011
211911
212413
214511
215911
217511
218711
220411
221012
225612
225813
22632
22633
227313
227911
22820
22821
228411
228622
229311
230314
230813
230814
231222
231411
23211
233212
235011
235714
23711
238612
238613
239911
242511
243812
246211
246611
247411
247611
250212
251414
252611
255511
258011
25826
259212
259215
259411
260014
26017
26112
261613
261911
262911
263611
264911
264912
26513
265611
267011
267211
267313
267711
268611
270511
271211
272011
272511
272911
27315
274311
280811
280812
280813
28118
28119
281811
28315
28614
287111
287611
288011
29111
29124
29211
29314
29612
29614
299211
299511
300011
300611
301412
302311
3026
3027
30411
307611
310311
312611
314111
314221
315011
317811
319721
320911
32114
32513
32812
328711
328911
330011
331511
332711
333621
334311
336111
337211
340811
344911
34511
346712
34915
351811
352411
352911
35511
355111
355112
355811
361111
363511
365511
366421
367311
368511
369421
373911
374211
374511
376121
376211
382311
384711
389912
392711
392811
393411
393811
395211
39621
39912
401211
40412
407411
41011
41411
414411
422211
422212
424111
424211
426811
42718
428911
429011
433111
433521
434921
437811
438311
438611
441711
442521
442711
448811
449111
4515
454811
45519
455311
455711
460311
46111
46114
46115
46116
46217
46218
46219
472012
472611
473311
477011
47811
47818
479111
480511
483111
484111
484311
487111
487821
488111
488711
489811
49513
497611
497612
50211
50212
504511
504611
506111
508011
510111
510911
51512
521111
521112
522011
5234
523511
52513
528011
532721
532722
533811
535211
535321
536311
54011
543711
54522
546011
546811
5522
55526
56515
57123
57412
58612
58822
59111
59252
60412
60621
61134
61135
61811
62519
6416
66012
66413
67115
67511
67711
67713
67911
68720
69012
69513
70012
70613
70617
73111
76611
77111
78012
80312
81111
81212
81412
84421
84711
85411
86711
87011
87211
87712
87716
89711
90013
90121
90311
90511
91411
92317
92912
96111
96621
96911
97213
97411
98014
98015
98315
98316
