1004011
1012112
1018111
1022411
1027411
2011211
2011711
2011911
2013011
2014311
2014611
2015711
2016211
2017311
2017712
2018111
2018211
2018711
2018911
2020911
2021811
2023512
2024721
2028111
2028811
2031011
2032711
2033711
553411
579311
597213
605411
616611
628013
651512
667811
675413
689311
700912
701411
701511
702713
703611
708311
708511
712111
719811
729513
730711
731013
752311
755813
765911
766712
769111
796411
822212
854412
863111
876712
877911
900012
905711
910911
921511
937511
938711
976412
981211
991111
993112
993913
998911
