102221
102621
104719
105421
105433
106516
109611
113323
113721
11411
11426
11427
11428
114611
115814
116925
117211
118212
119111
12111
121521
122412
126923
127815
128012
134623
135732
137
139118
139311
139621
140212
140911
141211
14411
14424
145311
146116
147213
150311
1511
152111
152221
152222
15624
157611
159111
161021
163516
16417
164215
164321
164331
166321
166728
166911
168422
168423
170621
172112
173013
174011
174035
175811
175812
176016
176211
177311
179511
179714
181314
18221
183112
183122
183623
185311
186421
187211
187713
18911
189711
189914
191712
193221
193811
195614
196011
198422
199321
201621
201921
2021111
2030711
2031512
2032812
204211
205511
205913
206012
2060200
2060201
2060208
2060213
2060215
2060216
2060218
2060223
2060224
2060225
2060228
2060232
2060235
2060242
2060244
2060245
2060246
2060247
2060248
2060249
2060250
2060254
2060255
2060256
2060257
2060260
2060262
2060263
2060264
2060265
2060266
2060269
2060271
2060272
2060273
2060274
2060275
2060276
2060277
2060278
2060279
2060280
2060283
2060284
2060285
2060288
2060290
2060292
2060293
2060294
2060295
2060296
2060297
2060298
2060299
2060300
2060301
2060302
2060304
2060305
2060307
2060310
2060311
2060312
2060313
2060314
2060315
2060317
2060319
2060320
2060321
2060322
2060323
2060324
2060325
2060326
2060327
2060328
2060330
2060331
2060332
2060333
2060334
2060335
2060336
2060337
2060338
2060410
2060413
206511
207313
208715
208811
210311
211
2113
211314
212724
213421
215114
215611
216011
216012
216715
21711
221
221316
222111
223011
224411
224516
225922
226812
232412
233311
234021
234031
237011
237111
239111
240911
242711
243318
243319
244011
245131
246011
246411
246721
247211
248211
248221
248231
249311
250511
251116
251721
252321
253811
255113
255621
255811
256511
259113
259321
259341
259511
260315
260912
264511
265521
266511
269211
269212
270111
270211
270611
270911
271913
272013
272721
273411
273412
274011
274821
276111
276611
278011
278712
279021
279121
279211
279521
279621
281111
281611
282112
282711
285911
285912
286412
286821
289612
289621
291412
291812
2931
293511
293921
294812
297511
297611
297711
299822
301721
303011
3038
30520
305211
305311
306011
306012
306211
30711
307111
307121
307521
307811
307822
308211
308221
308231
308311
308721
30911
309211
309212
309513
311811
31321
314411
314811
315711
316411
317621
318911
319811
320411
322611
325311
325913
326211
326412
326721
329011
329211
329321
329711
329912
330511
331211
331311
333211
333221
334611
33520
336012
33613
337011
337711
337811
33811
338811
339521
340912
341411
342411
342611
343211
343311
343613
344211
345911
346411
34811
348511
348711
350811
351612
351911
352121
352611
353311
353421
353911
354611
355611
355621
356211
356314
357812
358211
358314
359211
359811
362311
362811
362822
364011
364321
365412
365421
366411
366412
366511
367521
370921
37324
373811
373812
375521
378521
379911
382512
383711
384111
385011
385311
386111
386611
387111
387312
387412
387711
388221
389211
389212
390211
390911
391411
391611
392311
393111
39411
394511
395011
39511
395312
395411
395711
396511
396811
397021
397031
39721
397711
39814
398421
398711
400111
402911
40311
403111
403211
403321
403911
404311
405211
405711
406611
407311
408811
408911
409322
410011
410312
410611
410711
410721
411
411011
411612
412511
413011
413311
413411
414311
414911
415211
416011
416111
41722
418011
418311
419211
419221
421921
422411
42321
424613
425411
426411
426421
427011
427811
428011
428021
42817
429611
430111
430911
430912
431611
432311
433121
433411
434211
434311
435021
435311
435411
436122
437112
43732
437411
438211
438721
438911
439421
440111
440611
44121
441312
441411
442611
443011
443111
44318
443311
444011
445211
446211
448611
44916
449911
450211
450611
450621
450811
451712
452011
453611
454511
455911
456312
457413
457511
458311
458412
459011
459711
459812
460111
460211
460611
460711
46118
461312
461511
462211
463911
463921
463931
464411
464711
465411
465911
467011
468811
469611
470111
47031
470911
471211
471511
471711
472211
472212
474911
475612
476421
478111
478611
479011
479511
480711
481411
482311
482511
483811
48421
484611
484711
48526
485311
485611
485711
486011
486212
486411
486911
487321
487412
487811
488911
489211
489411
490411
491016
491821
492211
49225
4924
493711
49411
49431
49453
495311
495411
495612
497121
497122
497131
498021
498411
498712
499011
500011
500111
50014
500211
500611
501611
501612
501811
502411
502511
503411
504112
504913
507711
508111
508611
508811
508911
509911
510011
510611
5121
51230
512511
512711
512721
513311
514011
514022
51421
514512
514811
514911
515211
515411
516011
516021
516111
516611
518511
518611
51911
519611
520211
522913
522914
523121
524711
525211
525811
526613
52711
527111
527511
528811
528812
52918
529211
530111
530711
530812
531221
531611
533112
533412
535011
536511
537811
539011
539614
540311
541211
541911
542811
543211
543511
543811
544211
545011
545121
545912
546112
546211
54626
546311
546411
547411
547611
548011
548111
549511
549611
550411
551411
551711
552011
55511
56021
56618
5821
59212
59221
59426
60417
62421
6331
6341
69723
70311
70514
70716
71521
72021
72622
72817
72916
73521
73531
73532
73811
7511
75611
80111
80212
81716
82211
82412
83013
84115
84411
84919
86521
87021
9014
90316
91111
93711
95711
95734
96923
97811
98714
